objective: 0.1772411286072364
converged: true
eta: 0.11282513325311076
mu_m: 0.9509025199738257
sigma_m: 0.9109108530807623
