nu: 21.50620522096362
sigma_s: 2.8395422166257718
beta_tilde: 0.96
Delta_t: 0.001
alpha: 0.278
zeta: -1.901
eta: 0.10981486600720657
mu_m: 0.521
delta: 0.02127659574468085
c_bar: 0.131
varrho: 0.896
theta: 0.206
rho_tilde: 62.32819974121874
kappa: 0.189
phi: 0.765534746362977
lambda: 1000.0
sigma_m: 0.8246211251235321
mu_s: -4.252
